[[0.095,0.001,0.575,0,0.001,0.005,0.323,0],[0.079,0,0.347,0,0.001,0.002,0.57,0],[0.112,0,0.526,0.001,0.001,0.003,0.358,0],[0.105,0,0.555,0.001,0.002,0.002,0.335,0],[0.093,0,0.687,0.001,0.002,0.002,0.215,0],[0.146,0,0.548,0,0.001,0,0.305,0],[0.301,0.001,0.271,0.002,0.002,0.001,0.422,0],[0.453,0.003,0.254,0.003,0.002,0.001,0.285,0],[0.478,0.003,0.327,0.004,0.003,0.001,0.185,0],[0.416,0.003,0.332,0.003,0.003,0.001,0.242,0],[0.546,0.004,0.268,0.007,0.006,0.001,0.166,0],[0.465,0.003,0.218,0.006,0.005,0.001,0.301,0],[0.683,0.003,0.126,0.037,0.014,0.001,0.135,0.001],[0.706,0.006,0.146,0.047,0.013,0.004,0.074,0.003],[0.714,0.007,0.164,0.05,0.01,0.003,0.048,0.005],[0.601,0.013,0.312,0.016,0.005,0.004,0.039,0.011],[0.609,0.028,0.241,0.056,0.02,0.006,0.02,0.02],[0.654,0.029,0.224,0.03,0.008,0.004,0.027,0.024],[0.564,0.021,0.338,0.014,0.005,0.006,0.037,0.014],[0.601,0.048,0.256,0.012,0.004,0.005,0.023,0.052],[0.25,0.13,0.142,0.009,0.005,0.03,0.022,0.413],[0.153,0.119,0.074,0.004,0.001,0.005,0.01,0.636],[0.146,0.106,0.051,0.003,0.001,0.004,0.008,0.681],[0.479,0.018,0.436,0.005,0.003,0.006,0.037,0.017],[0.482,0.054,0.348,0.012,0.008,0.011,0.03,0.054],[0.135,0.116,0.063,0.003,0.001,0.005,0.01,0.667],[0.507,0.01,0.428,0.004,0.002,0.002,0.041,0.005],[0.568,0.013,0.328,0.006,0.002,0.004,0.068,0.012],[0.654,0.013,0.25,0.011,0.003,0.006,0.056,0.007],[0.528,0.02,0.319,0.034,0.014,0.01,0.047,0.028],[0.596,0.016,0.316,0.013,0.008,0.002,0.04,0.011],[0.63,0.027,0.281,0.008,0.004,0.001,0.026,0.024],[0.472,0.01,0.478,0.003,0.001,0.001,0.026,0.009],[0.509,0.006,0.453,0.005,0.002,0.001,0.022,0.002],[0.722,0.014,0.216,0.005,0.001,0,0.038,0.004],[0.558,0.006,0.388,0.003,0.001,0.001,0.039,0.004],[0.535,0.007,0.422,0.005,0.002,0.001,0.025,0.003],[0.424,0.006,0.519,0.003,0.002,0.001,0.041,0.004],[0.549,0.008,0.394,0.004,0.003,0.002,0.035,0.005],[0.616,0.009,0.328,0.003,0.001,0,0.041,0.003],[0.718,0.015,0.22,0.004,0.001,0,0.038,0.005],[0.696,0.014,0.254,0.007,0.001,0.001,0.016,0.01],[0.683,0.014,0.263,0.007,0.001,0.001,0.023,0.008],[0.659,0.018,0.269,0.008,0.002,0.002,0.03,0.013],[0.717,0.01,0.226,0.009,0.003,0.001,0.031,0.004],[0.237,0.002,0.723,0.001,0.001,0,0.036,0],[0.239,0.002,0.725,0.001,0.001,0.001,0.03,0.001],[0.3,0.003,0.664,0.001,0.001,0.001,0.029,0.001],[0.215,0.002,0.757,0.001,0.001,0,0.023,0.001],[0.308,0.004,0.668,0.001,0,0,0.018,0.001],[0.361,0.005,0.613,0.001,0,0,0.018,0.001],[0.354,0.003,0.606,0.001,0,0,0.035,0.001],[0.344,0.003,0.599,0.002,0.001,0.001,0.049,0],[0.418,0.005,0.546,0.002,0.001,0.001,0.025,0.002],[0.45,0.004,0.509,0.002,0.001,0,0.033,0.001],[0.02,0.923,0.021,0.002,0.001,0.001,0.002,0.03],[0.052,0.815,0.061,0.002,0.001,0.001,0.002,0.065],[0.046,0.819,0.062,0.003,0.001,0.004,0.003,0.061],[0.038,0.851,0.03,0.004,0.001,0.003,0.003,0.07],[0.028,0.889,0.03,0.003,0.001,0.002,0.002,0.047],[0.34,0.01,0.623,0.003,0.003,0.002,0.016,0.003],[0.394,0.004,0.566,0.004,0.004,0.002,0.025,0.001],[0.473,0.006,0.494,0.003,0.001,0.001,0.021,0.001],[0.122,0.001,0.203,0,0.001,0.003,0.67,0],[0.332,0.004,0.626,0.002,0.001,0.001,0.034,0.001],[0.056,0,0.224,0,0.001,0.001,0.718,0],[0.114,0.001,0.652,0,0.001,0.002,0.231,0],[0.545,0.005,0.41,0.002,0.001,0,0.037,0],[0.533,0.005,0.436,0.003,0.001,0,0.021,0],[0.44,0.009,0.466,0.005,0.004,0.002,0.073,0.002],[0.035,0,0.137,0,0,0.001,0.826,0],[0.265,0.003,0.669,0.003,0.006,0.002,0.05,0.002],[0.223,0.002,0.68,0.004,0.008,0.005,0.075,0.002],[0.518,0.003,0.382,0.011,0.013,0.002,0.069,0.001],[0.631,0.004,0.309,0.005,0.003,0,0.045,0.002],[0.378,0.008,0.573,0.003,0.004,0.001,0.032,0.002],[0.399,0.009,0.547,0.002,0.003,0.001,0.037,0.002],[0.246,0.001,0.679,0.003,0.005,0.003,0.062,0],[0.469,0.013,0.425,0.003,0.003,0.004,0.073,0.01],[0.19,0.003,0.773,0.001,0.001,0.002,0.029,0.001],[0.258,0.011,0.626,0.004,0.003,0.018,0.063,0.017],[0.323,0.005,0.42,0.006,0.015,0.014,0.211,0.006],[0.121,0.002,0.772,0.002,0.004,0.002,0.096,0.001],[0.295,0.004,0.403,0.005,0.011,0.029,0.249,0.005],[0.415,0.005,0.512,0.001,0.001,0.002,0.064,0.001],[0.338,0.003,0.36,0.003,0.004,0.011,0.278,0.003],[0.088,0.777,0.031,0.013,0.003,0.001,0.003,0.083],[0.569,0.003,0.362,0.001,0,0,0.063,0],[0.086,0.646,0.095,0.007,0.004,0.003,0.005,0.154],[0.06,0.688,0.035,0.004,0.001,0.003,0.006,0.201],[0.104,0.622,0.054,0.005,0.004,0.004,0.006,0.201],[0.411,0.011,0.164,0.347,0.043,0.005,0.009,0.009],[0.463,0.009,0.139,0.323,0.035,0.003,0.02,0.008],[0.363,0.008,0.16,0.377,0.065,0.003,0.019,0.005],[0.161,0.009,0.062,0.713,0.042,0.003,0.004,0.006],[0.265,0.01,0.055,0.574,0.072,0.007,0.009,0.008],[0.378,0.01,0.141,0.381,0.059,0.008,0.015,0.009],[0.428,0.014,0.104,0.403,0.029,0.002,0.011,0.008],[0.259,0.01,0.068,0.578,0.062,0.005,0.009,0.008],[0.519,0.013,0.219,0.207,0.019,0.003,0.014,0.007],[0.559,0.011,0.225,0.163,0.014,0.003,0.018,0.006],[0.544,0.012,0.23,0.173,0.016,0.003,0.015,0.007],[0.514,0.01,0.268,0.184,0.009,0.001,0.01,0.004],[0.541,0.011,0.282,0.127,0.013,0.003,0.016,0.007],[0.505,0.008,0.368,0.09,0.009,0.002,0.014,0.005],[0.524,0.007,0.35,0.088,0.008,0.002,0.016,0.005],[0.509,0.011,0.296,0.147,0.017,0.002,0.011,0.006],[0.398,0.005,0.539,0.003,0.002,0.002,0.049,0.002],[0.073,0.752,0.116,0.006,0.004,0.008,0.005,0.037],[0.079,0.739,0.079,0.006,0.003,0.004,0.005,0.087],[0.081,0.721,0.129,0.006,0.004,0.008,0.005,0.046],[0.069,0.77,0.104,0.004,0.002,0.005,0.005,0.04],[0.08,0.76,0.111,0.004,0.002,0.007,0.005,0.031],[0.057,0.838,0.066,0.003,0.001,0.003,0.003,0.028],[0.035,0.874,0.059,0.003,0.001,0.002,0.003,0.023],[0.07,0.732,0.146,0.003,0.002,0.008,0.006,0.034],[0.048,0.838,0.042,0.005,0.002,0.004,0.004,0.058],[0.054,0.838,0.055,0.004,0.002,0.005,0.004,0.038],[0.056,0.82,0.059,0.005,0.002,0.003,0.004,0.051],[0.067,0.773,0.095,0.006,0.003,0.006,0.004,0.046],[0.055,0.83,0.04,0.004,0.001,0.003,0.003,0.065],[0.077,0.748,0.061,0.006,0.002,0.006,0.005,0.094],[0.06,0.783,0.069,0.005,0.002,0.004,0.004,0.072],[0.091,0.739,0.084,0.007,0.003,0.01,0.005,0.061],[0.007,0.973,0.003,0.001,0,0,0,0.015],[0.003,0.983,0.001,0.003,0,0,0,0.01],[0.002,0.988,0,0.002,0,0,0,0.008],[0.003,0.976,0.001,0.004,0,0,0,0.015],[0.003,0.981,0.001,0.003,0,0,0,0.011],[0.004,0.963,0.003,0.016,0.005,0.002,0.001,0.006],[0.012,0.916,0.005,0.013,0.002,0.004,0.003,0.045],[0.007,0.954,0.001,0.008,0,0,0.001,0.029],[0,0.998,0,0.001,0,0,0,0],[0,0.996,0,0.002,0,0,0,0],[0,0.999,0,0.001,0,0,0,0],[0,0.998,0,0.001,0,0,0,0],[0,0.999,0,0,0,0,0,0],[0,1,0,0,0,0,0,0],[0.001,0.995,0.001,0.002,0,0,0,0.001],[0,0.997,0,0.001,0,0,0,0.001],[0,0.997,0,0.001,0,0,0,0.001],[0,0.998,0,0.001,0,0,0,0.001],[0.001,0.99,0.002,0.003,0.001,0,0,0.001],[0.002,0.963,0.014,0.007,0.012,0.001,0.001,0.001],[0.001,0.977,0.009,0.005,0.006,0,0,0.001],[0.001,0.979,0.008,0.005,0.005,0,0,0.001],[0.003,0.945,0.023,0.01,0.016,0.001,0.001,0.002],[0.003,0.949,0.024,0.009,0.01,0.001,0.001,0.004],[0.01,0.829,0.086,0.021,0.032,0.004,0.004,0.013],[0.012,0.831,0.075,0.022,0.03,0.004,0.006,0.02],[0.21,0.295,0.137,0.015,0.008,0.016,0.012,0.307],[0.559,0.108,0.215,0.015,0.004,0.006,0.012,0.082],[0.576,0.103,0.215,0.019,0.005,0.008,0.012,0.061],[0.611,0.071,0.234,0.014,0.004,0.005,0.013,0.048],[0.602,0.076,0.219,0.012,0.003,0.005,0.014,0.069],[0.614,0.072,0.203,0.018,0.005,0.006,0.018,0.063],[0.554,0.047,0.301,0.018,0.01,0.009,0.023,0.038],[0.574,0.04,0.306,0.012,0.007,0.006,0.022,0.033],[0.416,0.009,0.543,0.003,0.002,0.002,0.022,0.004],[0.346,0.005,0.611,0.003,0.002,0.002,0.028,0.002],[0.357,0.005,0.592,0.004,0.003,0.003,0.035,0.002],[0.371,0.004,0.586,0.004,0.003,0.002,0.028,0.001],[0.394,0.005,0.567,0.003,0.002,0.002,0.026,0.001],[0.375,0.004,0.587,0.004,0.002,0.002,0.024,0.001],[0.405,0.005,0.558,0.004,0.002,0.002,0.023,0.001],[0.391,0.004,0.576,0.003,0.002,0.001,0.021,0.001],[0.324,0.003,0.647,0.002,0.001,0.001,0.022,0.001],[0.366,0.004,0.599,0.002,0.001,0.001,0.025,0.001],[0.328,0.003,0.633,0.003,0.002,0.002,0.029,0.001],[0.377,0.004,0.576,0.004,0.003,0.002,0.033,0.001],[0.316,0.003,0.635,0.004,0.004,0.003,0.035,0.001],[0.314,0.003,0.64,0.004,0.004,0.003,0.033,0.001],[0.334,0.003,0.615,0.005,0.006,0.004,0.032,0.001],[0.339,0.003,0.624,0.003,0.002,0.002,0.027,0.001],[0.289,0.003,0.662,0.003,0.005,0.003,0.035,0.001],[0.289,0.003,0.678,0.002,0.002,0.002,0.024,0.001],[0.346,0.003,0.613,0.003,0.003,0.002,0.029,0.001],[0.334,0.003,0.619,0.003,0.004,0.002,0.033,0.001],[0.333,0.003,0.63,0.003,0.002,0.001,0.027,0.001],[0.281,0.002,0.686,0.002,0.002,0.001,0.025,0.001],[0.328,0.003,0.629,0.003,0.003,0.002,0.032,0.001],[0.366,0.004,0.603,0.003,0.002,0.001,0.021,0.001],[0.375,0.004,0.591,0.003,0.002,0.002,0.021,0.001],[0.288,0.002,0.677,0.002,0.002,0.001,0.027,0.001],[0.304,0.002,0.658,0.002,0.002,0.002,0.029,0],[0.304,0.003,0.642,0.003,0.004,0.002,0.042,0.001],[0.352,0.003,0.602,0.003,0.003,0.002,0.034,0.001],[0.319,0.002,0.639,0.003,0.003,0.002,0.033,0],[0.292,0.002,0.67,0.002,0.003,0.002,0.028,0],[0.271,0.002,0.696,0.002,0.002,0.001,0.026,0],[0.054,0.002,0.012,0.776,0.152,0.001,0.002,0.001],[0.079,0.003,0.015,0.752,0.145,0.001,0.003,0.001],[0.074,0.003,0.013,0.782,0.122,0.001,0.003,0.001],[0.051,0.003,0.007,0.833,0.102,0.001,0.002,0.001],[0.098,0.005,0.017,0.769,0.105,0.001,0.003,0.002],[0.093,0.005,0.014,0.764,0.117,0.001,0.004,0.002],[0.142,0.006,0.024,0.7,0.12,0.001,0.005,0.002],[0.131,0.005,0.021,0.734,0.102,0.001,0.005,0.002],[0.194,0.006,0.035,0.674,0.082,0.001,0.006,0.002],[0.21,0.01,0.038,0.675,0.056,0.002,0.004,0.006],[0.255,0.013,0.046,0.619,0.052,0.002,0.005,0.008],[0.172,0.01,0.027,0.738,0.043,0.001,0.003,0.005],[0.177,0.009,0.037,0.731,0.038,0.001,0.003,0.003],[0.252,0.011,0.057,0.628,0.043,0.001,0.004,0.004],[0.308,0.012,0.085,0.545,0.037,0.001,0.005,0.006],[0.362,0.011,0.137,0.432,0.042,0.002,0.008,0.006],[0.314,0.013,0.08,0.547,0.032,0.002,0.006,0.007],[0.499,0.021,0.107,0.3,0.03,0.004,0.012,0.026],[0.051,0.01,0.008,0.438,0.474,0.012,0.003,0.003],[0.023,0.004,0.005,0.253,0.693,0.017,0.003,0.001],[0.048,0.003,0.009,0.376,0.548,0.01,0.004,0.001],[0.037,0.003,0.007,0.384,0.554,0.012,0.003,0.001],[0.026,0.002,0.004,0.367,0.588,0.01,0.002,0],[0.016,0.001,0.003,0.346,0.628,0.004,0.002,0],[0.397,0.003,0.453,0.045,0.022,0.014,0.065,0.001],[0.477,0.004,0.319,0.084,0.023,0.015,0.076,0.002],[0.504,0.006,0.286,0.093,0.03,0.018,0.06,0.004],[0.506,0.005,0.299,0.077,0.026,0.019,0.064,0.003],[0.527,0.005,0.319,0.063,0.017,0.011,0.056,0.002],[0.578,0.006,0.266,0.069,0.014,0.011,0.053,0.003],[0.475,0.004,0.4,0.031,0.013,0.008,0.067,0.002],[0.391,0.003,0.518,0.021,0.009,0.005,0.051,0.001],[0.391,0.003,0.518,0.021,0.009,0.005,0.051,0.001],[0.428,0.006,0.42,0.075,0.02,0.007,0.042,0.002],[0.241,0.014,0.336,0.114,0.085,0.108,0.088,0.014],[0.083,0.006,0.19,0.029,0.066,0.493,0.121,0.012],[0.092,0.007,0.195,0.032,0.069,0.469,0.123,0.014],[0.029,0.001,0.087,0.011,0.051,0.664,0.153,0.002],[0.021,0.001,0.083,0.006,0.03,0.693,0.164,0.002],[0.07,0.004,0.124,0.015,0.062,0.427,0.29,0.007],[0.081,0.007,0.09,0.025,0.078,0.466,0.241,0.013],[0.233,0.037,0.088,0.048,0.035,0.206,0.19,0.163],[0.19,0.006,0.235,0.055,0.143,0.187,0.178,0.006],[0.2,0.006,0.233,0.061,0.132,0.172,0.191,0.006],[0.208,0.008,0.203,0.055,0.083,0.278,0.155,0.01],[0.156,0.004,0.242,0.042,0.096,0.288,0.166,0.005],[0.135,0.005,0.267,0.042,0.133,0.287,0.125,0.006],[0.159,0.005,0.285,0.031,0.069,0.269,0.174,0.007],[0.174,0.006,0.289,0.061,0.143,0.194,0.127,0.006],[0.26,0.008,0.25,0.085,0.141,0.131,0.12,0.006],[0.009,0.93,0.019,0.015,0.006,0.002,0.002,0.017],[0.004,0.972,0.004,0.005,0.001,0,0.001,0.013],[0.004,0.967,0.008,0.009,0.003,0.001,0.001,0.007],[0.003,0.98,0.004,0.005,0.001,0,0.001,0.006],[0.003,0.977,0.006,0.007,0.002,0.001,0.001,0.005],[0.004,0.973,0.006,0.005,0.001,0.001,0.001,0.009],[0.004,0.973,0.006,0.004,0.001,0.001,0.001,0.01],[0.003,0.98,0.004,0.004,0.001,0,0.001,0.008],[0.011,0.939,0.013,0.005,0.001,0,0.001,0.029],[0.011,0.944,0.012,0.007,0.002,0,0.001,0.023],[0.007,0.959,0.006,0.005,0.001,0,0.001,0.02],[0.014,0.876,0.077,0.006,0.005,0.001,0.004,0.017],[0.016,0.876,0.075,0.006,0.004,0.001,0.004,0.018],[0.01,0.911,0.051,0.006,0.003,0.001,0.003,0.014],[0.022,0.838,0.086,0.008,0.005,0.004,0.006,0.031],[0.025,0.815,0.093,0.008,0.007,0.005,0.006,0.041],[0.052,0.719,0.112,0.004,0.002,0.003,0.005,0.103],[0.429,0.142,0.161,0.113,0.051,0.017,0.015,0.072],[0.319,0.089,0.2,0.128,0.173,0.03,0.018,0.044],[0.286,0.103,0.069,0.073,0.043,0.039,0.037,0.35],[0.377,0.069,0.097,0.073,0.048,0.049,0.08,0.207],[0.364,0.06,0.098,0.093,0.062,0.043,0.074,0.205],[0.44,0.064,0.107,0.103,0.067,0.025,0.059,0.134],[0.421,0.09,0.097,0.091,0.042,0.022,0.043,0.193],[0.478,0.065,0.103,0.082,0.038,0.032,0.075,0.129],[0.55,0.059,0.212,0.056,0.026,0.014,0.026,0.057],[0.567,0.062,0.2,0.064,0.021,0.011,0.021,0.055],[0.533,0.045,0.237,0.071,0.034,0.016,0.026,0.036],[0.521,0.05,0.215,0.091,0.05,0.015,0.021,0.037],[0.506,0.065,0.178,0.104,0.042,0.014,0.02,0.072],[0.501,0.059,0.158,0.166,0.053,0.011,0.015,0.037],[0.518,0.047,0.194,0.126,0.047,0.017,0.02,0.032],[0.53,0.038,0.227,0.105,0.046,0.014,0.021,0.019],[0.539,0.035,0.308,0.035,0.027,0.006,0.019,0.032],[0.447,0.01,0.497,0.006,0.007,0.002,0.026,0.004],[0.381,0.01,0.57,0.003,0.003,0.002,0.027,0.004],[0.291,0.025,0.447,0.003,0.006,0.043,0.153,0.032],[0.162,0.011,0.304,0.004,0.015,0.187,0.296,0.021],[0.16,0.01,0.262,0.003,0.011,0.14,0.396,0.018],[0.1,0.008,0.186,0.002,0.009,0.277,0.403,0.014],[0.086,0.012,0.152,0.002,0.009,0.391,0.325,0.022],[0.04,0.004,0.159,0.001,0.003,0.47,0.32,0.004],[0.011,0.008,0.069,0,0.002,0.828,0.079,0.004],[0.009,0.007,0.057,0,0.002,0.867,0.055,0.003],[0.017,0.009,0.121,0,0.002,0.715,0.13,0.006],[0.013,0.007,0.102,0,0.002,0.763,0.108,0.004],[0.013,0.008,0.131,0.001,0.003,0.733,0.106,0.004],[0.013,0.008,0.19,0,0.004,0.707,0.074,0.004],[0.015,0.011,0.207,0,0.004,0.681,0.076,0.005],[0.031,0.013,0.279,0.001,0.003,0.477,0.187,0.009],[0.036,0.006,0.438,0.001,0.004,0.231,0.281,0.004],[0.046,0.012,0.35,0.001,0.004,0.288,0.289,0.01],[0.043,0.009,0.245,0,0.002,0.392,0.299,0.01],[0.052,0.008,0.29,0.001,0.003,0.226,0.409,0.011],[0.058,0.009,0.296,0.001,0.002,0.194,0.426,0.015],[0.039,0.011,0.311,0.001,0.004,0.39,0.237,0.007],[0.043,0.006,0.18,0.001,0.001,0.447,0.311,0.011],[0.028,0.005,0.126,0.001,0.001,0.668,0.162,0.009],[0.021,0.004,0.087,0,0.001,0.721,0.158,0.009],[0.001,0.001,0.003,0,0,0.964,0.031,0.001],[0.001,0,0.004,0,0,0.967,0.026,0],[0.001,0,0.002,0,0,0.974,0.022,0],[0.001,0,0.002,0,0,0.982,0.014,0],[0.001,0,0.003,0,0,0.976,0.019,0],[0.002,0.001,0.006,0,0,0.964,0.027,0.001],[0.002,0.001,0.004,0,0,0.964,0.028,0.001],[0.001,0.001,0.003,0,0,0.968,0.026,0.001],[0.001,0,0.004,0,0,0.969,0.026,0],[0.002,0.001,0.009,0,0,0.95,0.037,0.001],[0.001,0.001,0.004,0,0,0.964,0.029,0],[0.005,0.002,0.019,0,0.001,0.873,0.099,0.002],[0.007,0.002,0.027,0,0.001,0.831,0.127,0.004],[0.003,0.001,0.014,0,0.001,0.93,0.049,0.002],[0.004,0.001,0.018,0,0.001,0.905,0.069,0.002],[0.005,0.002,0.02,0,0.001,0.882,0.088,0.002],[0.007,0.001,0.029,0,0.001,0.782,0.176,0.002],[0.007,0.002,0.019,0,0.001,0.825,0.142,0.005],[0.008,0.002,0.021,0,0.001,0.841,0.124,0.004],[0.006,0.002,0.016,0,0.001,0.883,0.09,0.003],[0.006,0.002,0.016,0,0.001,0.824,0.146,0.004],[0.005,0.001,0.022,0,0.001,0.873,0.095,0.003],[0.005,0.001,0.033,0,0.001,0.849,0.107,0.004],[0.023,0,0.148,0,0.002,0.047,0.778,0],[0.047,0,0.359,0.001,0.003,0.087,0.503,0],[0.051,0,0.206,0.001,0.002,0.116,0.624,0],[0.18,0.001,0.253,0.002,0.006,0.04,0.516,0.001],[0.084,0,0.264,0.002,0.009,0.077,0.563,0],[0.061,0,0.639,0.001,0.003,0.043,0.252,0],[0.04,0,0.759,0.001,0.003,0.04,0.157,0],[0.143,0.001,0.414,0.002,0.004,0.027,0.409,0],[0.232,0.001,0.237,0.002,0.003,0.004,0.521,0],[0.248,0.002,0.332,0.003,0.009,0.024,0.381,0],[0.241,0.002,0.276,0.003,0.009,0.028,0.441,0.001],[0.258,0.002,0.316,0.002,0.005,0.012,0.404,0],[0.327,0.002,0.305,0.004,0.008,0.014,0.339,0.001],[0.314,0.002,0.314,0.003,0.008,0.015,0.342,0.001],[0.649,0.005,0.288,0.005,0.001,0.001,0.05,0.001],[0.381,0.004,0.562,0.002,0.001,0.003,0.047,0.001],[0.41,0.004,0.539,0.003,0.002,0.003,0.038,0.001],[0.403,0.004,0.544,0.003,0.002,0.002,0.041,0.001],[0.356,0.003,0.601,0.002,0.001,0.002,0.034,0.001],[0.334,0.003,0.622,0.002,0.002,0.002,0.035,0.001],[0.379,0.003,0.581,0.002,0.001,0.001,0.032,0.001],[0.308,0.002,0.653,0.002,0.001,0.001,0.033,0],[0.396,0.044,0.514,0.003,0.002,0.004,0.014,0.023],[0.217,0.161,0.56,0.003,0.004,0.008,0.008,0.04],[0.104,0.668,0.128,0.006,0.007,0.015,0.006,0.066],[0.117,0.644,0.112,0.004,0.002,0.006,0.006,0.109],[0.139,0.579,0.189,0.007,0.008,0.014,0.007,0.057],[0.135,0.607,0.153,0.006,0.005,0.01,0.007,0.077],[0.137,0.611,0.126,0.007,0.005,0.009,0.006,0.099],[0.149,0.612,0.093,0.008,0.006,0.011,0.006,0.115],[0.161,0.502,0.136,0.005,0.004,0.008,0.009,0.174],[0.267,0.333,0.218,0.006,0.003,0.014,0.018,0.141],[0.239,0.33,0.223,0.015,0.023,0.044,0.018,0.107],[0.232,0.378,0.15,0.013,0.013,0.047,0.018,0.15],[0.228,0.348,0.203,0.016,0.024,0.06,0.02,0.102],[0.259,0.36,0.188,0.014,0.015,0.031,0.016,0.118],[0.264,0.348,0.151,0.014,0.011,0.023,0.018,0.171],[0.248,0.298,0.211,0.015,0.017,0.036,0.025,0.15],[0.247,0.323,0.246,0.01,0.01,0.018,0.019,0.128],[0.279,0.331,0.204,0.011,0.009,0.017,0.017,0.132],[0.291,0.002,0.641,0.002,0.002,0.003,0.057,0.001],[0.348,0.002,0.587,0.002,0.002,0.001,0.058,0.001],[0.418,0.003,0.509,0.002,0.002,0.001,0.063,0.001],[0.439,0.003,0.489,0.004,0.004,0.002,0.056,0.001],[0.418,0.004,0.52,0.003,0.003,0.002,0.05,0.001],[0.463,0.004,0.488,0.003,0.002,0.001,0.04,0],[0.473,0.003,0.471,0.002,0.001,0.001,0.048,0],[0.25,0.002,0.701,0.001,0.001,0.001,0.044,0],[0.269,0.002,0.678,0.001,0.001,0.001,0.047,0],[0.259,0.002,0.698,0.001,0.001,0.001,0.037,0],[0.344,0.003,0.612,0.002,0.001,0.001,0.037,0],[0.359,0.002,0.599,0.003,0.002,0.001,0.034,0],[0.361,0.002,0.593,0.002,0.001,0.001,0.039,0],[0.403,0.003,0.549,0.002,0.001,0.001,0.039,0],[0.349,0.002,0.598,0.002,0.002,0.001,0.046,0],[0.409,0.003,0.523,0.003,0.002,0.001,0.058,0.001],[0.41,0.003,0.537,0.002,0.001,0.001,0.046,0],[0.415,0.003,0.525,0.003,0.001,0.001,0.051,0.001],[0.403,0.004,0.541,0.002,0.001,0.001,0.047,0.001],[0.445,0.004,0.502,0.002,0.001,0.001,0.044,0.001],[0.433,0.003,0.522,0.002,0.001,0.001,0.037,0.001],[0.439,0.004,0.509,0.002,0.001,0.001,0.042,0.001],[0.438,0.004,0.518,0.002,0.001,0.001,0.035,0],[0.408,0.004,0.535,0.003,0.002,0.002,0.045,0.001],[0.373,0.003,0.591,0.002,0.001,0.001,0.028,0],[0.331,0.003,0.635,0.002,0.001,0.001,0.028,0],[0.368,0.003,0.586,0.003,0.002,0.001,0.037,0],[0.372,0.003,0.588,0.002,0.002,0.001,0.032,0],[0.42,0.004,0.541,0.003,0.002,0.001,0.029,0.001],[0.425,0.003,0.531,0.003,0.002,0.001,0.035,0],[0.427,0.004,0.52,0.003,0.002,0.001,0.042,0.001],[0.342,0.003,0.622,0.002,0.001,0.001,0.03,0],[0.356,0.003,0.609,0.002,0.001,0.001,0.028,0],[0.368,0.003,0.596,0.002,0.001,0.001,0.029,0],[0.383,0.004,0.58,0.003,0.002,0.001,0.027,0],[0.348,0.003,0.611,0.002,0.002,0.001,0.033,0],[0.437,0.006,0.527,0.003,0.002,0.001,0.023,0.001],[0.486,0.007,0.473,0.004,0.002,0.001,0.027,0.001],[0.592,0.012,0.364,0.005,0.002,0.001,0.019,0.005],[0.247,0.014,0.027,0.615,0.084,0.003,0.006,0.003],[0.276,0.011,0.039,0.548,0.11,0.004,0.008,0.003],[0.319,0.014,0.044,0.498,0.108,0.005,0.008,0.004],[0.332,0.017,0.041,0.506,0.087,0.005,0.008,0.005],[0.42,0.016,0.054,0.399,0.088,0.006,0.011,0.006],[0.337,0.015,0.037,0.498,0.095,0.005,0.008,0.004],[0.317,0.017,0.029,0.54,0.081,0.004,0.007,0.005],[0.33,0.022,0.036,0.486,0.097,0.01,0.008,0.011],[0.603,0.025,0.104,0.179,0.044,0.009,0.018,0.019],[0.028,0.001,0.005,0.652,0.308,0.001,0.003,0],[0.009,0.001,0.003,0.535,0.451,0.001,0.002,0],[0.002,0,0.002,0.169,0.825,0,0.001,0],[0.004,0,0.002,0.234,0.759,0,0.001,0],[0.004,0,0.001,0.453,0.54,0.001,0.001,0],[0.004,0,0.002,0.491,0.5,0,0.002,0],[0.005,0,0.001,0.577,0.414,0,0.002,0],[0.005,0,0.001,0.642,0.349,0,0.002,0],[0.003,0,0.001,0.304,0.687,0.002,0.003,0],[0.002,0,0.001,0.251,0.74,0.002,0.003,0],[0.002,0,0.001,0.204,0.789,0.001,0.002,0],[0.002,0,0.001,0.169,0.824,0.002,0.002,0],[0.002,0,0.001,0.218,0.774,0.002,0.002,0],[0.003,0.001,0.002,0.303,0.688,0.002,0.002,0],[0.003,0.001,0.002,0.312,0.679,0.002,0.002,0],[0.004,0.001,0.003,0.328,0.661,0.002,0.002,0],[0.004,0.001,0.003,0.315,0.671,0.003,0.002,0],[0.007,0.003,0.003,0.59,0.393,0.002,0.003,0],[0.006,0.003,0.003,0.522,0.461,0.002,0.002,0],[0.006,0.003,0.002,0.516,0.468,0.002,0.002,0],[0.006,0.003,0.002,0.532,0.452,0.002,0.002,0],[0.007,0.003,0.003,0.572,0.411,0.002,0.002,0],[0.009,0.003,0.003,0.593,0.386,0.002,0.003,0],[0.009,0.003,0.004,0.597,0.382,0.002,0.003,0],[0.009,0.003,0.004,0.665,0.315,0.002,0.002,0],[0.011,0.004,0.004,0.633,0.342,0.002,0.003,0.001],[0.023,0.006,0.006,0.711,0.244,0.005,0.004,0.002],[0.021,0.006,0.005,0.727,0.232,0.004,0.004,0.001],[0.011,0.004,0.004,0.635,0.339,0.003,0.003,0.001],[0.015,0.005,0.005,0.735,0.233,0.002,0.003,0.001],[0.017,0.007,0.005,0.789,0.177,0.002,0.003,0.001],[0.017,0.007,0.006,0.662,0.299,0.004,0.003,0.002],[0.022,0.008,0.006,0.691,0.262,0.005,0.004,0.002],[0.029,0.009,0.007,0.809,0.135,0.005,0.004,0.002],[0.058,0.015,0.014,0.779,0.116,0.006,0.006,0.006],[0.059,0.017,0.009,0.825,0.074,0.004,0.004,0.007],[0.077,0.026,0.011,0.726,0.136,0.009,0.005,0.01],[0.204,0.115,0.016,0.498,0.067,0.008,0.005,0.088],[0.129,0.292,0.021,0.196,0.041,0.007,0.004,0.311],[0.105,0.348,0.022,0.195,0.047,0.011,0.004,0.268],[0.099,0.418,0.02,0.178,0.056,0.014,0.004,0.213],[0.004,0.954,0.002,0.01,0,0,0,0.029],[0.003,0.971,0.002,0.007,0,0,0,0.016],[0.004,0.961,0.004,0.012,0.002,0,0.001,0.017],[0.006,0.953,0.004,0.016,0.002,0,0.001,0.018],[0.004,0.961,0.003,0.015,0.002,0,0.001,0.015],[0.006,0.947,0.004,0.013,0.002,0.001,0.001,0.027],[0.007,0.938,0.005,0.015,0.002,0,0.001,0.032],[0.006,0.958,0.005,0.011,0.002,0.001,0.001,0.017],[0.006,0.957,0.003,0.009,0.001,0,0,0.025],[0.005,0.954,0.008,0.015,0.005,0.001,0.001,0.01],[0.002,0.985,0.002,0.006,0.002,0,0,0.003],[0.003,0.981,0.003,0.007,0.003,0,0,0.003],[0.006,0.961,0.009,0.011,0.006,0.001,0.001,0.005],[0.002,0.985,0.003,0.006,0.002,0,0,0.002],[0.002,0.989,0.002,0.005,0.002,0,0,0.001],[0.002,0.975,0.004,0.011,0.005,0,0,0.001],[0.004,0.963,0.004,0.018,0.006,0.001,0.001,0.004],[0.207,0.002,0.698,0.001,0.001,0.001,0.09,0],[0.194,0.002,0.73,0,0.001,0.001,0.071,0],[0.18,0.002,0.758,0,0.001,0.001,0.058,0],[0.178,0.001,0.777,0.001,0.001,0.001,0.041,0],[0.212,0.002,0.751,0.001,0.001,0.001,0.033,0],[0.232,0.002,0.728,0.001,0.001,0.001,0.036,0],[0.189,0.001,0.774,0.001,0.001,0.001,0.033,0],[0.191,0.001,0.769,0.001,0.001,0.001,0.036,0],[0.175,0.001,0.798,0.001,0.001,0,0.024,0],[0.052,0,0.371,0,0.002,0.027,0.548,0],[0.051,0.001,0.355,0,0.002,0.021,0.569,0],[0.059,0.001,0.344,0,0.002,0.02,0.574,0],[0.053,0.001,0.361,0,0.001,0.019,0.564,0],[0.066,0.001,0.33,0,0.002,0.035,0.566,0],[0.066,0.001,0.317,0,0.002,0.029,0.585,0],[0.074,0.001,0.36,0,0.002,0.027,0.535,0],[0.038,0.001,0.269,0.001,0.004,0.41,0.277,0.001],[0.05,0.002,0.285,0.001,0.003,0.289,0.369,0.001],[0.043,0.002,0.338,0.001,0.004,0.354,0.258,0.001],[0.044,0.002,0.317,0.001,0.004,0.352,0.279,0.001],[0.033,0.002,0.313,0.001,0.005,0.441,0.204,0.001],[0.04,0.003,0.318,0.001,0.008,0.422,0.209,0.001],[0.044,0.002,0.386,0.001,0.004,0.294,0.27,0.001],[0.054,0.002,0.372,0.001,0.004,0.248,0.319,0.001],[0.053,0.001,0.466,0,0.002,0.094,0.383,0],[0.047,0.001,0.437,0,0.002,0.082,0.429,0],[0.043,0.001,0.399,0,0.003,0.107,0.446,0],[0.048,0.001,0.481,0,0.002,0.083,0.384,0],[0.044,0.001,0.474,0,0.002,0.083,0.395,0],[0.046,0.001,0.527,0,0.002,0.078,0.345,0],[0.04,0.001,0.393,0.001,0.007,0.254,0.304,0.001],[0.039,0.001,0.476,0.001,0.007,0.205,0.27,0.001],[0.021,0.013,0.091,0.001,0.001,0.729,0.122,0.022],[0.013,0.006,0.048,0.001,0.001,0.829,0.093,0.009],[0.028,0.017,0.152,0.001,0.002,0.61,0.153,0.038],[0.019,0.009,0.151,0.001,0.002,0.69,0.115,0.014],[0.023,0.011,0.151,0.001,0.002,0.653,0.137,0.021],[0.026,0.011,0.165,0.001,0.002,0.569,0.206,0.021],[0.03,0.012,0.164,0.001,0.002,0.555,0.21,0.025],[0.026,0.01,0.202,0.001,0.002,0.54,0.199,0.021],[0.046,0.019,0.282,0.001,0.005,0.446,0.168,0.033],[0.047,0.018,0.264,0.001,0.005,0.451,0.19,0.022],[0.048,0.02,0.187,0.002,0.007,0.517,0.188,0.031],[0.049,0.021,0.236,0.002,0.008,0.435,0.217,0.031],[0.06,0.031,0.242,0.002,0.006,0.376,0.238,0.045],[0.058,0.026,0.225,0.002,0.005,0.408,0.243,0.034],[0.061,0.031,0.258,0.002,0.004,0.358,0.237,0.05],[0.061,0.027,0.184,0.001,0.003,0.361,0.308,0.055],[0,0,0.001,0,0.001,0.906,0.092,0],[0.001,0,0.004,0,0.003,0.467,0.523,0.001],[0.002,0.001,0.004,0,0.003,0.2,0.787,0.003],[0.003,0.001,0.006,0.001,0.004,0.247,0.733,0.005],[0.003,0.001,0.004,0,0.002,0.209,0.773,0.007],[0.002,0,0.003,0,0.002,0.109,0.88,0.004],[0.002,0.001,0.003,0,0.002,0.066,0.919,0.007],[0.001,0,0.002,0,0.001,0.096,0.897,0.002],[0.001,0.001,0.001,0,0.005,0.31,0.68,0.002],[0.001,0.002,0.003,0,0.012,0.108,0.871,0.003],[0.001,0.002,0.003,0,0.012,0.108,0.871,0.003],[0.001,0.001,0.002,0,0.014,0.045,0.933,0.002],[0.001,0.001,0.003,0,0.009,0.083,0.9,0.003],[0.001,0.001,0.003,0,0.013,0.109,0.871,0.002],[0.001,0.001,0.003,0,0.019,0.128,0.846,0.002],[0.002,0.002,0.004,0.001,0.013,0.404,0.571,0.003],[0.001,0.001,0.002,0,0.013,0.075,0.907,0.001],[0.001,0.001,0.003,0,0.014,0.19,0.789,0.002],[0.001,0.003,0.008,0.001,0.028,0.382,0.574,0.002],[0.001,0.004,0.008,0.002,0.039,0.504,0.441,0.001],[0.001,0.006,0.007,0.002,0.014,0.754,0.214,0.002],[0.001,0.003,0.01,0.001,0.008,0.845,0.13,0.001],[0.001,0.006,0.014,0.003,0.021,0.827,0.127,0.001],[0.001,0.006,0.007,0.003,0.019,0.84,0.123,0.001],[0.002,0.016,0.008,0.003,0.008,0.848,0.111,0.004],[0.001,0.013,0.011,0.002,0.006,0.871,0.093,0.003],[0.001,0.001,0.006,0,0.017,0.36,0.614,0.001],[0.001,0.002,0.004,0.001,0.019,0.768,0.203,0.001],[0.001,0.002,0.004,0.001,0.012,0.761,0.219,0.001],[0.001,0.002,0.005,0.001,0.021,0.752,0.217,0.001],[0,0.001,0.004,0.001,0.02,0.793,0.181,0],[0.001,0.004,0.011,0.002,0.074,0.675,0.233,0.001],[0.007,0.11,0.019,0.02,0.331,0.423,0.081,0.009],[0.034,0.211,0.062,0.042,0.202,0.34,0.033,0.076],[0.02,0.092,0.282,0.009,0.068,0.458,0.044,0.028],[0.183,0.248,0.28,0.011,0.009,0.044,0.022,0.203],[0.54,0.048,0.036,0.19,0.013,0.01,0.025,0.139],[0.481,0.044,0.048,0.252,0.034,0.014,0.025,0.102],[0.469,0.048,0.044,0.28,0.025,0.008,0.017,0.108],[0.42,0.049,0.042,0.323,0.021,0.009,0.017,0.119],[0.437,0.052,0.046,0.277,0.019,0.008,0.017,0.145],[0.477,0.048,0.049,0.247,0.015,0.007,0.015,0.142],[0.45,0.063,0.04,0.242,0.013,0.004,0.014,0.175],[0.592,0.044,0.084,0.139,0.024,0.014,0.03,0.074],[0.561,0.056,0.065,0.127,0.016,0.008,0.017,0.15],[0.624,0.064,0.089,0.073,0.005,0.006,0.017,0.123],[0.652,0.053,0.098,0.077,0.005,0.005,0.019,0.092],[0.631,0.056,0.087,0.083,0.006,0.008,0.021,0.109],[0.611,0.057,0.087,0.117,0.01,0.009,0.018,0.091],[0.62,0.065,0.091,0.072,0.006,0.008,0.018,0.121],[0.605,0.081,0.067,0.097,0.006,0.006,0.012,0.126],[0.603,0.078,0.06,0.126,0.006,0.003,0.011,0.112],[0.652,0.063,0.081,0.085,0.005,0.003,0.012,0.098],[0.676,0.039,0.098,0.128,0.01,0.003,0.014,0.032],[0.676,0.04,0.115,0.085,0.008,0.005,0.018,0.053],[0.655,0.052,0.108,0.081,0.005,0.005,0.018,0.076],[0.641,0.054,0.102,0.099,0.01,0.006,0.018,0.071],[0.625,0.06,0.111,0.083,0.006,0.005,0.013,0.097],[0.579,0.07,0.105,0.09,0.009,0.008,0.015,0.124],[0.594,0.062,0.122,0.071,0.006,0.007,0.015,0.124],[0.141,0.621,0.106,0.007,0.004,0.002,0.005,0.114],[0.16,0.645,0.094,0.013,0.008,0.003,0.005,0.072],[0.084,0.767,0.087,0.008,0.005,0.004,0.005,0.041],[0.054,0.848,0.058,0.007,0.005,0.004,0.004,0.021],[0.041,0.839,0.073,0.009,0.011,0.005,0.004,0.019],[0.027,0.866,0.063,0.006,0.008,0.005,0.005,0.019],[0.021,0.895,0.048,0.006,0.006,0.003,0.004,0.017],[0.03,0.85,0.047,0.003,0.002,0.002,0.004,0.062],[0.02,0.904,0.021,0.002,0.001,0.001,0.002,0.048],[0.023,0.886,0.048,0.004,0.003,0.002,0.003,0.03],[0.062,0.804,0.076,0.005,0.003,0.004,0.004,0.042],[0.065,0.809,0.066,0.005,0.003,0.003,0.003,0.044],[0.044,0.841,0.05,0.005,0.002,0.002,0.003,0.052],[0.06,0.797,0.069,0.006,0.005,0.005,0.006,0.052],[0.057,0.808,0.071,0.006,0.004,0.004,0.005,0.045],[0.031,0.841,0.059,0.002,0.001,0.001,0.003,0.061],[0.031,0.822,0.077,0.003,0.002,0.001,0.003,0.062],[0.035,0.795,0.088,0.003,0.003,0.002,0.004,0.069],[0.033,0.766,0.125,0.004,0.005,0.003,0.005,0.058],[0.033,0.875,0.026,0.006,0.001,0,0.001,0.056],[0.032,0.861,0.02,0.004,0.001,0,0.001,0.082],[0.036,0.855,0.024,0.004,0.001,0,0.001,0.079],[0.333,0.009,0.598,0.012,0.007,0.008,0.027,0.006],[0.587,0.013,0.361,0.005,0.002,0.002,0.023,0.006],[0.251,0.003,0.667,0.001,0.002,0.004,0.071,0.001],[0.376,0.007,0.548,0.003,0.002,0.003,0.058,0.003],[0.206,0.004,0.767,0.003,0.004,0.002,0.013,0.001],[0.232,0.003,0.717,0.001,0.001,0.001,0.044,0.001],[0.244,0.003,0.717,0.001,0.001,0.001,0.033,0.001],[0.396,0.202,0.116,0.003,0.001,0.001,0.007,0.275],[0.2,0.475,0.09,0.007,0.002,0.001,0.004,0.221],[0.184,0.427,0.065,0.005,0.001,0.001,0.003,0.314],[0.189,0.464,0.078,0.007,0.002,0.002,0.005,0.254],[0.117,0.65,0.052,0.008,0.002,0.001,0.002,0.168],[0.083,0.776,0.025,0.006,0.001,0.001,0.001,0.107],[0.113,0.712,0.028,0.007,0.001,0.001,0.002,0.138],[0.101,0.779,0.037,0.006,0.002,0.001,0.002,0.073],[0.03,0.858,0.026,0.005,0.001,0.001,0.003,0.077],[0.05,0.795,0.06,0.005,0.002,0.003,0.005,0.079],[0.061,0.751,0.092,0.007,0.004,0.005,0.006,0.074],[0.039,0.843,0.037,0.004,0.001,0.002,0.003,0.07],[0.036,0.85,0.036,0.004,0.001,0.002,0.003,0.069],[0.041,0.826,0.064,0.004,0.002,0.002,0.004,0.057],[0.038,0.839,0.058,0.004,0.002,0.003,0.004,0.052],[0.05,0.809,0.038,0.004,0.002,0.003,0.004,0.09],[0.073,0.743,0.076,0.008,0.004,0.004,0.004,0.087],[0.018,0.001,0.004,0.453,0.521,0.001,0.002,0],[0.009,0,0.003,0.299,0.686,0.001,0.002,0],[0.107,0.002,0.02,0.397,0.465,0.002,0.005,0.001],[0.004,0,0.002,0.17,0.823,0.001,0.001,0],[0.004,0,0.002,0.203,0.79,0,0.001,0],[0.004,0,0.002,0.212,0.781,0,0.001,0],[0.004,0,0.002,0.246,0.747,0,0.001,0],[0.008,0,0.003,0.386,0.601,0,0.001,0],[0.027,0.001,0.012,0.709,0.249,0,0.002,0],[0.059,0.001,0.023,0.533,0.379,0.001,0.004,0],[0.076,0.002,0.033,0.447,0.436,0.002,0.004,0],[0.087,0.002,0.041,0.414,0.451,0.001,0.004,0],[0.108,0.002,0.041,0.495,0.346,0.002,0.006,0.001],[0.127,0.002,0.055,0.471,0.337,0.001,0.006,0.001],[0.2,0.005,0.059,0.538,0.185,0.001,0.01,0.002],[0.28,0.005,0.1,0.44,0.159,0.001,0.012,0.002],[0.301,0.007,0.105,0.438,0.131,0.002,0.013,0.004],[0.578,0.019,0.22,0.115,0.029,0.004,0.02,0.015],[0.533,0.01,0.16,0.163,0.042,0.025,0.06,0.008],[0.523,0.03,0.052,0.318,0.017,0.01,0.039,0.012],[0.378,0.009,0.086,0.409,0.042,0.014,0.057,0.004],[0.492,0.01,0.117,0.289,0.041,0.006,0.039,0.006],[0.416,0.009,0.124,0.352,0.054,0.009,0.03,0.006],[0.318,0.009,0.108,0.427,0.071,0.016,0.043,0.008],[0.321,0.009,0.119,0.393,0.058,0.029,0.057,0.014],[0.29,0.009,0.094,0.46,0.084,0.016,0.037,0.01],[0.19,0.013,0.088,0.6,0.074,0.011,0.017,0.008],[0.515,0.004,0.402,0.028,0.012,0.003,0.036,0.002],[0.536,0.005,0.358,0.036,0.021,0.004,0.037,0.002],[0.386,0.004,0.458,0.053,0.054,0.012,0.032,0.001],[0.358,0.002,0.53,0.039,0.038,0.007,0.025,0],[0.29,0.001,0.597,0.025,0.052,0.007,0.028,0],[0.478,0.003,0.434,0.02,0.016,0.003,0.047,0],[0.42,0.003,0.397,0.013,0.011,0.007,0.147,0.001],[0.073,0.001,0.235,0,0.001,0.011,0.68,0],[0.056,0,0.19,0,0.001,0.01,0.742,0],[0.064,0,0.196,0,0.001,0.01,0.728,0],[0.068,0.001,0.244,0.001,0.002,0.013,0.673,0],[0.066,0,0.252,0,0.002,0.009,0.67,0],[0.089,0.001,0.3,0.001,0.001,0.009,0.599,0],[0.098,0.001,0.237,0.001,0.002,0.017,0.645,0],[0.093,0.001,0.262,0.001,0.002,0.017,0.625,0],[0.102,0.001,0.28,0.001,0.002,0.015,0.598,0],[0.176,0.002,0.303,0.002,0.003,0.004,0.509,0.001],[0.163,0.002,0.261,0.002,0.004,0.008,0.56,0.001],[0.179,0.002,0.27,0.002,0.003,0.004,0.538,0.001],[0.167,0.002,0.236,0.002,0.003,0.007,0.581,0.001],[0.154,0.001,0.227,0.001,0.002,0.003,0.611,0],[0.199,0.002,0.385,0.002,0.004,0.005,0.401,0.001],[0.172,0.002,0.201,0.001,0.002,0.005,0.616,0.001],[0.166,0.002,0.223,0.003,0.006,0.011,0.589,0.001],[0.172,0.002,0.283,0.002,0.004,0.004,0.533,0],[0.224,0.002,0.32,0.003,0.005,0.009,0.436,0.001],[0.194,0.002,0.4,0.002,0.005,0.01,0.384,0.001],[0.18,0.001,0.301,0.002,0.003,0.005,0.507,0.001],[0.207,0.002,0.306,0.003,0.006,0.008,0.468,0.001],[0.219,0.002,0.342,0.003,0.006,0.008,0.419,0.001],[0.206,0.002,0.305,0.003,0.006,0.007,0.471,0.001],[0.199,0.001,0.355,0.001,0.003,0.005,0.435,0.001],[0.217,0.002,0.329,0.002,0.004,0.006,0.439,0.001],[0.154,0.001,0.363,0.001,0.003,0.006,0.472,0],[0.236,0.002,0.416,0.003,0.005,0.006,0.331,0.001],[0.232,0.002,0.3,0.002,0.004,0.007,0.452,0.001],[0.229,0.002,0.388,0.005,0.014,0.013,0.348,0.001],[0.223,0.002,0.322,0.003,0.006,0.009,0.434,0.001],[0.247,0.003,0.336,0.005,0.009,0.01,0.39,0.001],[0.249,0.002,0.365,0.003,0.006,0.005,0.369,0.001],[0.251,0.002,0.458,0.002,0.004,0.005,0.276,0.001],[0.208,0.002,0.41,0.002,0.005,0.004,0.368,0],[0.21,0.002,0.415,0.002,0.007,0.007,0.357,0],[0.188,0.001,0.299,0.002,0.004,0.011,0.495,0.001],[0.183,0.002,0.343,0.002,0.004,0.012,0.454,0.001],[0.222,0.002,0.381,0.002,0.004,0.009,0.378,0.001],[0.237,0.002,0.389,0.004,0.009,0.018,0.34,0.002],[0.193,0.001,0.392,0.003,0.009,0.021,0.38,0.001],[0.206,0.002,0.377,0.002,0.004,0.009,0.399,0.001],[0.222,0.002,0.324,0.002,0.005,0.018,0.425,0.001],[0.234,0.003,0.432,0.003,0.005,0.017,0.304,0.002],[0.217,0.002,0.531,0.002,0.003,0.009,0.234,0.001],[0.254,0.003,0.647,0.003,0.005,0.01,0.075,0.003],[0.255,0.004,0.674,0.003,0.003,0.006,0.052,0.003],[0.376,0.006,0.523,0.003,0.002,0.004,0.079,0.006],[0.449,0.006,0.466,0.004,0.001,0.003,0.066,0.004],[0.449,0.005,0.46,0.005,0.002,0.004,0.073,0.003],[0.524,0.007,0.369,0.006,0.002,0.004,0.082,0.006],[0.418,0.004,0.52,0.004,0.002,0.002,0.048,0.001],[0.445,0.004,0.484,0.007,0.003,0.003,0.053,0.002],[0.429,0.004,0.474,0.009,0.004,0.004,0.074,0.001],[0.499,0.006,0.426,0.014,0.004,0.003,0.044,0.003],[0.475,0.005,0.452,0.012,0.004,0.002,0.049,0.001],[0.459,0.004,0.462,0.01,0.004,0.002,0.056,0.001],[0.384,0.003,0.534,0.008,0.004,0.002,0.063,0.001],[0.368,0.003,0.547,0.009,0.004,0.003,0.066,0.001],[0.406,0.004,0.514,0.008,0.004,0.002,0.06,0.001],[0.423,0.004,0.499,0.009,0.003,0.002,0.06,0.001],[0.155,0.098,0.51,0.002,0.007,0.035,0.175,0.017],[0.122,0.048,0.673,0.002,0.008,0.023,0.119,0.005],[0.11,0.048,0.668,0.002,0.011,0.038,0.118,0.006],[0.11,0.047,0.685,0.002,0.009,0.035,0.104,0.008],[0.146,0.034,0.623,0.001,0.005,0.023,0.166,0.003],[0.117,0.038,0.648,0.001,0.005,0.029,0.158,0.003],[0.129,0.053,0.593,0.001,0.007,0.04,0.172,0.005],[0.113,0.026,0.624,0.001,0.007,0.031,0.195,0.003],[0.114,0.038,0.645,0.001,0.005,0.038,0.155,0.004],[0.109,0.014,0.789,0.001,0.002,0.004,0.072,0.009],[0.061,0.006,0.883,0,0.001,0.002,0.044,0.002],[0.044,0.004,0.902,0,0.001,0.005,0.042,0.002],[0.052,0.003,0.882,0,0.001,0.005,0.056,0.001],[0.059,0.003,0.86,0,0.001,0.004,0.071,0.001],[0.067,0.003,0.877,0.001,0.002,0.004,0.046,0.001],[0.073,0.003,0.871,0.001,0.006,0.004,0.041,0.001],[0.085,0.009,0.675,0.009,0.029,0.016,0.168,0.008],[0.033,0.001,0.809,0.001,0.01,0.018,0.127,0.001],[0.046,0.004,0.693,0.009,0.054,0.027,0.163,0.003],[0.035,0.002,0.346,0.011,0.068,0.012,0.525,0.001],[0.042,0.006,0.407,0.015,0.055,0.011,0.461,0.002],[0.089,0.02,0.196,0.018,0.026,0.025,0.589,0.037],[0.116,0.025,0.17,0.029,0.025,0.009,0.595,0.029],[0.021,0.001,0.111,0.001,0.003,0.014,0.848,0.001],[0.017,0.001,0.087,0.001,0.003,0.009,0.883,0.001],[0.017,0.001,0.088,0.001,0.004,0.01,0.879,0.001],[0.019,0.001,0.091,0.001,0.004,0.013,0.871,0.001],[0.017,0.001,0.079,0.001,0.003,0.007,0.891,0.001],[0.017,0.001,0.078,0.001,0.003,0.009,0.89,0.001],[0.014,0.001,0.063,0.001,0.003,0.007,0.91,0.001],[0.028,0.001,0.041,0.001,0.002,0.017,0.905,0.004],[0.023,0.001,0.049,0,0.001,0.014,0.91,0.002],[0.024,0.001,0.041,0,0.001,0.013,0.918,0.002],[0.021,0.001,0.035,0,0.001,0.009,0.931,0.002],[0.02,0.001,0.038,0,0.001,0.008,0.93,0.001],[0.02,0,0.041,0,0.001,0.008,0.929,0.001],[0.025,0.001,0.049,0,0.001,0.013,0.908,0.002],[0.025,0.001,0.051,0.001,0.002,0.026,0.894,0.002],[0.021,0,0.029,0,0.002,0.025,0.92,0.002],[0.025,0.001,0.031,0.001,0.002,0.029,0.909,0.002],[0.02,0.001,0.028,0.001,0.003,0.037,0.907,0.003],[0.022,0.001,0.033,0.001,0.004,0.026,0.91,0.003],[0.021,0,0.029,0.001,0.003,0.026,0.918,0.002],[0.019,0,0.034,0.001,0.003,0.024,0.917,0.001],[0.02,0,0.038,0.001,0.005,0.038,0.897,0.001],[0.022,0.001,0.031,0.001,0.003,0.026,0.914,0.003],[0.019,0,0.026,0.001,0.006,0.022,0.925,0.001],[0.029,0.001,0.027,0.001,0.005,0.023,0.912,0.001],[0.034,0.001,0.041,0.002,0.008,0.046,0.868,0.002],[0.03,0.001,0.036,0.002,0.009,0.062,0.859,0.002],[0.03,0.001,0.036,0.002,0.009,0.062,0.858,0.002],[0.033,0.001,0.038,0.002,0.009,0.045,0.87,0.002],[0.025,0.001,0.03,0.001,0.008,0.037,0.896,0.001],[0.025,0,0.032,0.001,0.006,0.025,0.91,0.001],[0.079,0.001,0.024,0.004,0.01,0.032,0.847,0.003],[0.057,0.001,0.018,0.004,0.01,0.047,0.86,0.003],[0.054,0.001,0.02,0.004,0.013,0.048,0.857,0.002],[0.065,0.001,0.023,0.003,0.006,0.045,0.855,0.003],[0.047,0.001,0.024,0.004,0.019,0.058,0.846,0.002],[0.05,0.001,0.017,0.005,0.025,0.047,0.854,0.002],[0.05,0.001,0.018,0.006,0.03,0.07,0.824,0.002],[0.061,0.001,0.023,0.005,0.024,0.126,0.754,0.004],[0.058,0.001,0.02,0.005,0.023,0.117,0.772,0.004],[0.093,0.001,0.078,0.008,0.034,0.081,0.701,0.003],[0.086,0.001,0.374,0.002,0.006,0.029,0.498,0.004],[0.121,0.004,0.262,0.003,0.004,0.06,0.53,0.018],[0.084,0.001,0.121,0.004,0.016,0.082,0.688,0.003],[0.058,0.001,0.11,0.002,0.005,0.136,0.684,0.005],[0.058,0.001,0.11,0.002,0.005,0.136,0.684,0.005],[0.067,0.001,0.08,0.002,0.006,0.072,0.767,0.004],[0.072,0.001,0.065,0.003,0.008,0.074,0.772,0.004],[0.097,0.001,0.058,0.005,0.016,0.061,0.757,0.004],[0.073,0.001,0.035,0.006,0.023,0.061,0.798,0.003],[0.073,0.001,0.031,0.006,0.022,0.062,0.801,0.004],[0.072,0.001,0.033,0.005,0.017,0.055,0.813,0.004],[0.07,0.001,0.032,0.005,0.02,0.049,0.82,0.003],[0.066,0.001,0.032,0.004,0.018,0.051,0.825,0.003],[0.085,0.002,0.031,0.006,0.017,0.062,0.791,0.006],[0.091,0.002,0.028,0.006,0.013,0.051,0.802,0.008],[0.16,0.01,0.288,0.011,0.035,0.035,0.44,0.021],[0.129,0.009,0.262,0.012,0.061,0.075,0.438,0.013],[0.155,0.013,0.247,0.011,0.043,0.057,0.454,0.02],[0.177,0.017,0.254,0.01,0.034,0.038,0.444,0.025],[0.169,0.016,0.229,0.011,0.037,0.058,0.455,0.026],[0.171,0.023,0.14,0.011,0.031,0.048,0.536,0.041],[0.156,0.016,0.125,0.009,0.024,0.031,0.614,0.025],[0.15,0.018,0.146,0.016,0.059,0.075,0.512,0.024],[0.154,0.032,0.052,0.02,0.048,0.094,0.537,0.062],[0.095,0.052,0.02,0.307,0.27,0.062,0.081,0.113],[0.098,0.067,0.017,0.353,0.214,0.061,0.064,0.126],[0.086,0.05,0.016,0.34,0.262,0.065,0.071,0.11],[0.086,0.049,0.017,0.304,0.262,0.057,0.091,0.133],[0.078,0.053,0.014,0.337,0.256,0.061,0.079,0.122],[0.115,0.066,0.015,0.314,0.171,0.045,0.069,0.205],[0.124,0.076,0.014,0.261,0.11,0.041,0.078,0.296],[0.132,0.274,0.013,0.035,0.011,0.007,0.028,0.5],[0.2,0.315,0.045,0.045,0.018,0.03,0.131,0.216],[0.161,0.262,0.034,0.021,0.008,0.019,0.111,0.384],[0.126,0.301,0.023,0.014,0.004,0.01,0.076,0.447],[0.188,0.261,0.038,0.021,0.006,0.023,0.142,0.321],[0.161,0.261,0.024,0.017,0.004,0.012,0.079,0.443],[0.145,0.226,0.022,0.013,0.003,0.008,0.074,0.508],[0.161,0.223,0.025,0.012,0.003,0.01,0.075,0.492],[0.126,0.226,0.016,0.011,0.003,0.007,0.053,0.559],[0.118,0.232,0.028,0.013,0.004,0.02,0.064,0.522],[0.128,0.147,0.017,0.012,0.002,0.011,0.092,0.59],[0.119,0.126,0.016,0.008,0.001,0.006,0.08,0.643],[0.131,0.12,0.015,0.008,0.001,0.006,0.071,0.648],[0.09,0.106,0.01,0.005,0.001,0.004,0.047,0.739],[0.107,0.178,0.014,0.007,0.001,0.007,0.072,0.615],[0.114,0.129,0.021,0.003,0,0.002,0.049,0.682],[0.063,0.282,0.053,0.002,0,0.009,0.038,0.553],[0.178,0.292,0.015,0.064,0.018,0.014,0.045,0.374],[0.211,0.459,0.029,0.015,0.002,0.003,0.014,0.267],[0.161,0.299,0.007,0.011,0,0.001,0.007,0.514],[0.092,0.128,0.002,0.005,0,0,0.003,0.771],[0.094,0.242,0.002,0.008,0,0,0.005,0.649],[0.147,0.313,0.006,0.03,0.002,0.003,0.012,0.487],[0.14,0.215,0.014,0.018,0.002,0.002,0.006,0.602],[0.13,0.303,0.01,0.018,0.002,0.002,0.005,0.531],[0.172,0.263,0.009,0.021,0.003,0.001,0.005,0.526],[0.076,0.782,0.01,0.019,0.003,0.001,0.002,0.108],[0.098,0.717,0.014,0.077,0.019,0.001,0.002,0.071],[0.096,0.755,0.013,0.049,0.007,0.001,0.002,0.078],[0.09,0.736,0.01,0.038,0.004,0.001,0.002,0.12],[0.112,0.466,0.024,0.008,0.002,0.002,0.004,0.383],[0.121,0.5,0.03,0.012,0.